   1.7493028e-01
   1.6515294e-01
   7.0277255e-02
   1.8449033e-01
   4.6555994e-01
   3.5544182e-01
   1.5959009e-01
   3.0757907e-01
   4.6199885e-01
   4.7306766e-01
   2.9000066e-02
   1.8868167e-01
   1.8692642e-01
   1.5241845e-01
   2.4759151e-01
   1.8890104e-01
   3.5076424e-01
   1.3673825e-02
   1.2752681e-01
   2.2999314e-01
   1.3520118e-01
   1.8316682e-01
   1.8361063e-01
   1.2496521e-01
   1.1795597e-01
   5.0536837e-01
   4.9069225e-01
   6.6561685e-01
   7.5588215e-01
   5.0804702e-01
   7.2857937e-01
   8.8474896e-01
   7.9098792e-01
   7.1570559e-01
   5.9926056e-01
   8.3135030e-01
   7.4472487e-01
   7.2532999e-01
   5.8231282e-01
   7.6025254e-01
   8.9359868e-01
   6.9409700e-01
   6.5943463e-01
   6.9332706e-01
   7.1038303e-01
   5.9316909e-01
   6.1820615e-01
   5.1780900e-01
   6.0562885e-01
   6.6580192e-01
   7.4743188e-01
   5.8883265e-01
   7.3704975e-01
   7.3114778e-01
   9.5341657e-01
   7.9674045e-01
   4.0893780e-01
   7.1584335e-01
   7.8702500e-01
   8.4624845e-01
   6.5405840e-01
   6.3025120e-01
   6.5352078e-01
   6.0715513e-01
   5.3318366e-01
   8.9719906e-01
   7.7663755e-01
   9.1097393e-01
   6.4504277e-01
   5.0875777e-01
   5.8698272e-01
   5.9441436e-01
   4.6765400e-01
   7.5895651e-01
   4.1118942e-01
